QBlade CE v 2.0.6.4_beta windows

 Calculated polar for: DU 99-W-405

 1 1 Reynolds number fixed          Mach number fixed         

 xtrf =   1.000 (top)        1.000 (bottom)
 Mach =   0.000     Re =     3.000 e 6     Ncrit =   9.000

alpha    CL       CD       CDp      Cm       TopXtr   BotXtr   Cpmin    Chinge   XCp      
------   ------   ------   ------   ------   ------   ------   ------   ------   ------   
-15.000  -0.9128  0.06552  0.06122  -0.0226  0.0000   0.0000   3.0775   0.0000   0.0000   
-14.500  -0.8858  0.06272  0.05837  -0.0239  0.0000   0.0000   3.0210   0.0000   0.0000   
-14.000  -0.8753  0.05860  0.05426  -0.0246  0.0000   0.0000   2.9880   0.0000   0.0000   
-13.500  -0.8483  0.05586  0.05149  -0.0258  0.0000   0.0000   2.9296   0.0000   0.0000   
-13.000  -0.8290  0.05255  0.04815  -0.0266  0.0000   0.0000   2.8827   0.0000   0.0000   
-12.500  -0.8076  0.04945  0.04503  -0.0275  0.0000   0.0000   2.8411   0.0000   0.0000   
-12.000  -0.7717  0.04748  0.04301  -0.0288  0.0000   0.0000   2.7835   0.0000   0.0000   
-11.500  -0.7577  0.04392  0.03947  -0.0293  0.0000   0.0000   2.7559   0.0000   0.0000   
-10.500  -0.7065  0.03867  0.03419  -0.0309  0.0000   0.0000   2.6664   0.0000   0.0000   
-10.000  -0.6721  0.03667  0.03213  -0.0320  0.0000   0.0000   2.6101   0.0000   0.0000   
-9.500   -0.6418  0.03446  0.02993  -0.0328  0.0000   0.0000   2.5574   0.0000   0.0000   
-9.000   -0.6159  0.03199  0.02744  -0.0335  0.0000   0.0000   2.5157   0.0000   0.0000   
-8.500   -0.5889  0.02962  0.02506  -0.0341  0.0000   0.0000   2.4801   0.0000   0.0000   
-8.000   -0.5563  0.02768  0.02311  -0.0349  0.0000   0.0000   2.4369   0.0000   0.0000   
-7.500   -0.5216  0.02587  0.02128  -0.0358  0.0000   0.0000   2.3907   0.0000   0.0000   
-7.000   -0.4932  0.02376  0.01917  -0.0363  0.0000   0.0000   2.3516   0.0000   0.0000   
-6.500   -0.4493  0.02260  0.01795  -0.0374  0.0000   0.0000   2.2936   0.0000   0.0000   
-6.000   -0.4206  0.02062  0.01597  -0.0378  0.0000   0.0000   2.2527   0.0000   0.0000   
-5.500   -0.3860  0.01907  0.01440  -0.0382  0.0000   0.0000   2.2046   0.0000   0.0000   
-5.000   -0.3453  0.01794  0.01322  -0.0388  0.0000   0.0000   2.1495   0.0000   0.0000   
-4.500   -0.3391  0.01595  0.01123  -0.0359  0.0000   0.0000   2.1275   0.0000   0.0000   
-4.000   -0.3006  0.01479  0.01003  -0.0367  0.0000   0.0000   2.0737   0.0000   0.0000   
-3.500   -0.2508  0.01372  0.00895  -0.0390  0.0000   0.0000   2.0114   0.0000   0.0000   
-3.000   -0.1933  0.01257  0.00778  -0.0431  0.0000   0.0000   1.9551   0.0000   0.0000   
-2.500   -0.1255  0.01176  0.00696  -0.0478  0.0000   0.0000   1.8914   0.0000   0.0000   
-2.000   -0.0531  0.01112  0.00630  -0.0531  0.0000   0.0000   1.8240   0.0000   0.0000   
-1.000   0.0974   0.01033  0.00543  -0.0636  0.0000   0.0000   1.6836   0.0000   0.0000   
-0.500   0.1705   0.01020  0.00525  -0.0679  0.0000   0.0000   1.6665   0.0000   0.0000   
0.000    0.2462   0.00999  0.00504  -0.0726  0.0000   0.0000   1.7467   0.0000   0.0000   
0.500    0.3153   0.01003  0.00504  -0.0758  0.0000   0.0000   1.8227   0.0000   0.0000   
1.000    0.3849   0.01006  0.00502  -0.0792  0.0000   0.0000   1.8994   0.0000   0.0000   
1.500    0.4527   0.01014  0.00507  -0.0820  0.0000   0.0000   1.9756   0.0000   0.0000   
2.000    0.5181   0.01029  0.00518  -0.0843  0.0000   0.0000   2.0500   0.0000   0.0000   
2.500    0.5837   0.01042  0.00529  -0.0867  0.0000   0.0000   2.1255   0.0000   0.0000   
3.000    0.6484   0.01056  0.00542  -0.0890  0.0000   0.0000   2.2018   0.0000   0.0000   
4.000    0.7675   0.01106  0.00587  -0.0918  0.0000   0.0000   2.3655   0.0000   0.0000   
4.500    0.8085   0.01140  0.00619  -0.0900  0.0000   0.0000   2.4338   0.0000   0.0000   
5.000    0.8616   0.01181  0.00660  -0.0904  0.0000   0.0000   2.5136   0.0000   0.0000   
5.500    0.9154   0.01237  0.00716  -0.0913  0.0000   0.0000   2.5991   0.0000   0.0000   
6.000    0.9674   0.01300  0.00780  -0.0920  0.0000   0.0000   2.6849   0.0000   0.0000   
6.500    1.0210   0.01359  0.00840  -0.0928  0.0000   0.0000   2.7716   0.0000   0.0000   
7.000    1.0693   0.01451  0.00933  -0.0935  0.0000   0.0000   2.8541   0.0000   0.0000   
7.500    1.1139   0.01566  0.01047  -0.0938  0.0000   0.0000   2.9342   0.0000   0.0000   
8.000    1.1554   0.01704  0.01184  -0.0939  0.0000   0.0000   3.0162   0.0000   0.0000   
8.500    1.1939   0.01867  0.01346  -0.0940  0.0000   0.0000   3.0943   0.0000   0.0000   
9.000    1.2403   0.01995  0.01480  -0.0950  0.0000   0.0000   3.1852   0.0000   0.0000   
9.500    1.2816   0.02153  0.01643  -0.0955  0.0000   0.0000   3.2748   0.0000   0.0000   
10.000   1.3147   0.02363  0.01854  -0.0954  0.0000   0.0000   3.3536   0.0000   0.0000   
10.500   1.3412   0.02620  0.02114  -0.0951  0.0000   0.0000   3.4253   0.0000   0.0000   
11.000   1.3772   0.02822  0.02322  -0.0955  0.0000   0.0000   3.5075   0.0000   0.0000   
11.500   1.4046   0.03084  0.02587  -0.0954  0.0000   0.0000   3.5785   0.0000   0.0000   
12.000   1.4204   0.03435  0.02938  -0.0948  0.0000   0.0000   3.6331   0.0000   0.0000   
12.500   1.4457   0.03730  0.03239  -0.0949  0.0000   0.0000   3.6992   0.0000   0.0000   
13.000   1.4627   0.04092  0.03606  -0.0947  0.0000   0.0000   3.7534   0.0000   0.0000   
13.500   1.4714   0.04519  0.04035  -0.0942  0.0000   0.0000   3.7953   0.0000   0.0000   
14.000   1.4936   0.04847  0.04368  -0.0942  0.0000   0.0000   3.8567   0.0000   0.0000   
14.500   1.5101   0.05222  0.04748  -0.0942  0.0000   0.0000   3.9073   0.0000   0.0000   
15.000   1.5101   0.05749  0.05278  -0.0939  0.0000   0.0000   3.9318   0.0000   0.0000   
15.500   1.5206   0.06191  0.05725  -0.0940  0.0000   0.0000   3.9705   0.0000   0.0000   
16.000   1.5191   0.06744  0.06281  -0.0939  0.0000   0.0000   3.9883   0.0000   0.0000   
16.500   1.5279   0.07210  0.06753  -0.0941  0.0000   0.0000   4.0227   0.0000   0.0000   
17.000   1.5368   0.07677  0.07225  -0.0944  0.0000   0.0000   4.0551   0.0000   0.0000   
17.500   1.5324   0.08279  0.07832  -0.0947  0.0000   0.0000   4.0630   0.0000   0.0000   
18.000   1.5324   0.08851  0.08411  -0.0953  0.0000   0.0000   4.0757   0.0000   0.0000   
18.500   1.5489   0.09261  0.08828  -0.0962  0.0000   0.0000   4.1186   0.0000   0.0000   
19.000   1.5507   0.09817  0.09389  -0.0971  0.0000   0.0000   4.1516   0.0000   0.0000   
19.500   1.5414   0.10494  0.10070  -0.0982  0.0000   0.0000   4.1594   0.0000   0.0000   
20.000   1.5534   0.10952  0.10535  -0.0995  0.0000   0.0000   4.2069   0.0000   0.0000   
20.500   1.5525   0.11543  0.11129  -0.1010  0.0000   0.0000   4.2289   0.0000   0.0000   
21.000   1.5470   0.12194  0.11784  -0.1029  0.0000   0.0000   4.2368   0.0000   0.0000   
21.500   1.5558   0.12696  0.12294  -0.1048  0.0000   0.0000   4.2748   0.0000   0.0000   
22.000   1.5530   0.13323  0.12924  -0.1072  0.0000   0.0000   4.2854   0.0000   0.0000   
22.500   1.5562   0.13882  0.13488  -0.1096  0.0000   0.0000   4.3068   0.0000   0.0000   
23.000   1.5701   0.14315  0.13926  -0.1119  0.0000   0.0000   4.3547   0.0000   0.0000   
23.500   1.5678   0.14937  0.14551  -0.1149  0.0000   0.0000   4.3697   0.0000   0.0000   
24.000   1.5704   0.15505  0.15124  -0.1180  0.0000   0.0000   4.3967   0.0000   0.0000   
24.500   1.5831   0.15949  0.15573  -0.1208  0.0000   0.0000   4.4393   0.0000   0.0000   
25.000   1.5770   0.16617  0.16244  -0.1246  0.0000   0.0000   4.4398   0.0000   0.0000   
25.500   1.5830   0.17136  0.16768  -0.1280  0.0000   0.0000   4.4632   0.0000   0.0000   
26.000   1.6026   0.17476  0.17112  -0.1307  0.0000   0.0000   4.5248   0.0000   0.0000   
26.500   1.6159   0.17898  0.17537  -0.1339  0.0000   0.0000   4.5673   0.0000   0.0000   
27.000   1.6123   0.18529  0.18172  -0.1383  0.0000   0.0000   4.5635   0.0000   0.0000   
27.500   1.6199   0.19004  0.18653  -0.1420  0.0000   0.0000   4.5832   0.0000   0.0000   
28.000   1.6326   0.19407  0.19056  -0.1454  0.0000   0.0000   4.6232   0.0000   0.0000   
28.500   1.6290   0.20030  0.19682  -0.1503  0.0000   0.0000   4.6118   0.0000   0.0000   
29.000   1.6487   0.20335  0.19991  -0.1534  0.0000   0.0000   4.6679   0.0000   0.0000   
29.500   1.6698   0.20612  0.20274  -0.1563  0.0000   0.0000   4.7421   0.0000   0.0000   
30.000   1.6782   0.21053  0.20722  -0.1603  0.0000   0.0000   4.7845   0.0000   0.0000   
30.500   1.6714   0.21698  0.21370  -0.1658  0.0000   0.0000   4.7823   0.0000   0.0000   
31.000   1.6866   0.22036  0.21710  -0.1694  0.0000   0.0000   4.8390   0.0000   0.0000   
31.500   1.6803   0.22662  0.22335  -0.1750  0.0000   0.0000   4.8330   0.0000   0.0000   
32.000   1.6952   0.22990  0.22668  -0.1787  0.0000   0.0000   4.8911   0.0000   0.0000   
32.500   1.7132   0.23262  0.22945  -0.1821  0.0000   0.0000   4.9515   0.0000   0.0000   
33.000   1.7151   0.23752  0.23439  -0.1871  0.0000   0.0000   4.9630   0.0000   0.0000   
33.500   1.7219   0.24172  0.23860  -0.1917  0.0000   0.0000   4.9910   0.0000   0.0000   
34.000   1.7282   0.24581  0.24276  -0.1963  0.0000   0.0000   5.0180   0.0000   0.0000   
34.500   1.7456   0.24827  0.24526  -0.1997  0.0000   0.0000   5.0760   0.0000   0.0000   
35.000   1.7615   0.25088  0.24791  -0.2034  0.0000   0.0000   5.1267   0.0000   0.0000   
35.500   1.7575   0.25622  0.25328  -0.2091  0.0000   0.0000   5.1160   0.0000   0.0000   
36.000   1.7707   0.25905  0.25611  -0.2131  0.0000   0.0000   5.1583   0.0000   0.0000   
36.500   1.7864   0.26142  0.25855  -0.2167  0.0000   0.0000   5.2137   0.0000   0.0000   
37.000   1.7905   0.26533  0.26253  -0.2216  0.0000   0.0000   5.2228   0.0000   0.0000   
37.500   1.8011   0.26826  0.26548  -0.2258  0.0000   0.0000   5.2724   0.0000   0.0000   
38.500   1.8089   0.27580  0.27310  -0.2358  0.0000   0.0000   5.3403   0.0000   0.0000   
39.000   1.8183   0.27864  0.27596  -0.2402  0.0000   0.0000   5.3824   0.0000   0.0000   
40.000   1.8241   0.28593  0.28333  -0.2504  0.0000   0.0000   5.4366   0.0000   0.0000   


