QBlade CE v 2.0.6.4_beta windows

 Calculated polar for: DU 99-W-350

 1 1 Reynolds number fixed          Mach number fixed         

 xtrf =   1.000 (top)        1.000 (bottom)
 Mach =   0.000     Re =     3.000 e 6     Ncrit =   9.000

alpha    CL       CD       CDp      Cm       TopXtr   BotXtr   Cpmin    Chinge   XCp      
------   ------   ------   ------   ------   ------   ------   ------   ------   ------   
-15.000  -1.1530  0.04985  0.04599  -0.0243  0.0000   0.0000   3.1144   0.0000   0.0000   
-14.500  -1.1250  0.04735  0.04340  -0.0252  0.0000   0.0000   3.0598   0.0000   0.0000   
-14.000  -1.1174  0.04331  0.03934  -0.0255  0.0000   0.0000   3.0345   0.0000   0.0000   
-13.500  -1.0923  0.04064  0.03662  -0.0263  0.0000   0.0000   2.9827   0.0000   0.0000   
-13.000  -1.0651  0.03818  0.03412  -0.0270  0.0000   0.0000   2.9279   0.0000   0.0000   
-12.500  -1.0459  0.03515  0.03106  -0.0275  0.0000   0.0000   2.8837   0.0000   0.0000   
-11.500  -0.9907  0.03037  0.02619  -0.0288  0.0000   0.0000   2.7717   0.0000   0.0000   
-11.000  -0.9608  0.02818  0.02397  -0.0295  0.0000   0.0000   2.7117   0.0000   0.0000   
-10.500  -0.9238  0.02648  0.02221  -0.0305  0.0000   0.0000   2.6518   0.0000   0.0000   
-10.000  -0.9000  0.02393  0.01964  -0.0309  0.0000   0.0000   2.6192   0.0000   0.0000   
-9.500   -0.8632  0.02223  0.01791  -0.0318  0.0000   0.0000   2.5693   0.0000   0.0000   
-9.000   -0.8175  0.02116  0.01677  -0.0329  0.0000   0.0000   2.5085   0.0000   0.0000   
-8.500   -0.7921  0.01880  0.01441  -0.0333  0.0000   0.0000   2.4721   0.0000   0.0000   
-8.000   -0.7565  0.01718  0.01278  -0.0339  0.0000   0.0000   2.4246   0.0000   0.0000   
-7.500   -0.7277  0.01568  0.01124  -0.0334  0.0000   0.0000   2.3896   0.0000   0.0000   
-6.500   -0.6288  0.01349  0.00898  -0.0376  0.0000   0.0000   2.2792   0.0000   0.0000   
-6.000   -0.5708  0.01235  0.00783  -0.0413  0.0000   0.0000   2.2169   0.0000   0.0000   
-5.500   -0.5068  0.01159  0.00703  -0.0452  0.0000   0.0000   2.1479   0.0000   0.0000   
-5.000   -0.4401  0.01115  0.00654  -0.0488  0.0000   0.0000   2.0754   0.0000   0.0000   
-4.500   -0.3699  0.01053  0.00588  -0.0535  0.0000   0.0000   2.0015   0.0000   0.0000   
-4.000   -0.2973  0.01000  0.00532  -0.0583  0.0000   0.0000   1.9257   0.0000   0.0000   
-3.500   -0.2260  0.00974  0.00501  -0.0624  0.0000   0.0000   1.8541   0.0000   0.0000   
-3.000   -0.1529  0.00946  0.00469  -0.0667  0.0000   0.0000   1.7835   0.0000   0.0000   
-2.500   -0.0761  0.00908  0.00428  -0.0720  0.0000   0.0000   1.7113   0.0000   0.0000   
-2.000   -0.0042  0.00896  0.00412  -0.0757  0.0000   0.0000   1.6418   0.0000   0.0000   
-1.500   0.0656   0.00891  0.00403  -0.0788  0.0000   0.0000   1.5738   0.0000   0.0000   
-1.000   0.1364   0.00885  0.00393  -0.0822  0.0000   0.0000   1.5062   0.0000   0.0000   
-0.500   0.2080   0.00875  0.00382  -0.0857  0.0000   0.0000   1.4387   0.0000   0.0000   
0.000    0.2778   0.00874  0.00379  -0.0888  0.0000   0.0000   1.4272   0.0000   0.0000   
1.000    0.4159   0.00878  0.00378  -0.0945  0.0000   0.0000   1.5706   0.0000   0.0000   
1.500    0.4832   0.00887  0.00384  -0.0969  0.0000   0.0000   1.6419   0.0000   0.0000   
2.000    0.5507   0.00895  0.00390  -0.0994  0.0000   0.0000   1.7138   0.0000   0.0000   
2.500    0.6182   0.00901  0.00396  -0.1019  0.0000   0.0000   1.7865   0.0000   0.0000   
3.000    0.6828   0.00920  0.00410  -0.1037  0.0000   0.0000   1.8651   0.0000   0.0000   
3.500    0.7501   0.00926  0.00417  -0.1061  0.0000   0.0000   1.9475   0.0000   0.0000   
4.000    0.8137   0.00947  0.00434  -0.1078  0.0000   0.0000   2.0277   0.0000   0.0000   
4.500    0.8758   0.00972  0.00454  -0.1092  0.0000   0.0000   2.1099   0.0000   0.0000   
5.000    0.9397   0.00989  0.00472  -0.1109  0.0000   0.0000   2.2014   0.0000   0.0000   
5.500    1.0001   0.01016  0.00496  -0.1120  0.0000   0.0000   2.2906   0.0000   0.0000   
6.000    1.0628   0.01032  0.00515  -0.1134  0.0000   0.0000   2.3825   0.0000   0.0000   
6.500    1.1204   0.01064  0.00545  -0.1140  0.0000   0.0000   2.4709   0.0000   0.0000   
7.000    1.1756   0.01100  0.00577  -0.1142  0.0000   0.0000   2.5582   0.0000   0.0000   
7.500    1.2289   0.01138  0.00613  -0.1141  0.0000   0.0000   2.6583   0.0000   0.0000   
8.000    1.2707   0.01173  0.00650  -0.1119  0.0000   0.0000   2.7465   0.0000   0.0000   
8.500    1.3157   0.01236  0.00711  -0.1106  0.0000   0.0000   2.8390   0.0000   0.0000   
9.000    1.3669   0.01285  0.00763  -0.1104  0.0000   0.0000   2.9385   0.0000   0.0000   
9.500    1.4088   0.01376  0.00853  -0.1092  0.0000   0.0000   3.0292   0.0000   0.0000   
10.000   1.4509   0.01472  0.00949  -0.1081  0.0000   0.0000   3.1195   0.0000   0.0000   
10.500   1.4897   0.01592  0.01068  -0.1070  0.0000   0.0000   3.2046   0.0000   0.0000   
11.000   1.5335   0.01698  0.01179  -0.1065  0.0000   0.0000   3.2981   0.0000   0.0000   
11.500   1.5665   0.01870  0.01350  -0.1053  0.0000   0.0000   3.3771   0.0000   0.0000   
12.000   1.6017   0.02036  0.01518  -0.1043  0.0000   0.0000   3.4584   0.0000   0.0000   
12.500   1.6273   0.02274  0.01756  -0.1029  0.0000   0.0000   3.5269   0.0000   0.0000   
13.000   1.6588   0.02482  0.01970  -0.1022  0.0000   0.0000   3.6226   0.0000   0.0000   
13.500   1.6756   0.02794  0.02282  -0.1006  0.0000   0.0000   3.6987   0.0000   0.0000   
14.500   1.7000   0.03532  0.03025  -0.0977  0.0000   0.0000   3.8389   0.0000   0.0000   
15.000   1.7052   0.03977  0.03473  -0.0964  0.0000   0.0000   3.8977   0.0000   0.0000   
15.500   1.7141   0.04403  0.03903  -0.0953  0.0000   0.0000   3.9634   0.0000   0.0000   
16.000   1.7131   0.04924  0.04427  -0.0942  0.0000   0.0000   4.0134   0.0000   0.0000   
16.500   1.7083   0.05497  0.05005  -0.0933  0.0000   0.0000   4.0506   0.0000   0.0000   
17.000   1.7129   0.05996  0.05512  -0.0929  0.0000   0.0000   4.1042   0.0000   0.0000   
17.500   1.7093   0.06574  0.06096  -0.0924  0.0000   0.0000   4.1554   0.0000   0.0000   
18.000   1.7071   0.07152  0.06681  -0.0921  0.0000   0.0000   4.2091   0.0000   0.0000   
18.500   1.7079   0.07708  0.07245  -0.0921  0.0000   0.0000   4.2646   0.0000   0.0000   
19.000   1.6956   0.08406  0.07949  -0.0923  0.0000   0.0000   4.2957   0.0000   0.0000   
19.500   1.6855   0.09090  0.08640  -0.0927  0.0000   0.0000   4.3276   0.0000   0.0000   
20.000   1.6740   0.09796  0.09351  -0.0934  0.0000   0.0000   4.3534   0.0000   0.0000   
20.500   1.6772   0.10348  0.09912  -0.0943  0.0000   0.0000   4.4081   0.0000   0.0000   
21.000   1.6719   0.11004  0.10575  -0.0956  0.0000   0.0000   4.4431   0.0000   0.0000   
21.500   1.6655   0.11672  0.11250  -0.0972  0.0000   0.0000   4.4770   0.0000   0.0000   
22.000   1.6637   0.12291  0.11875  -0.0990  0.0000   0.0000   4.5159   0.0000   0.0000   
22.500   1.6566   0.12980  0.12568  -0.1013  0.0000   0.0000   4.5453   0.0000   0.0000   
23.000   1.6595   0.13551  0.13148  -0.1035  0.0000   0.0000   4.6102   0.0000   0.0000   
23.500   1.6671   0.14060  0.13665  -0.1058  0.0000   0.0000   4.6878   0.0000   0.0000   
24.000   1.6613   0.14740  0.14348  -0.1090  0.0000   0.0000   4.7281   0.0000   0.0000   
24.500   1.6634   0.15318  0.14930  -0.1120  0.0000   0.0000   4.7885   0.0000   0.0000   
25.000   1.6615   0.15947  0.15562  -0.1155  0.0000   0.0000   4.8333   0.0000   0.0000   
25.500   1.6660   0.16493  0.16116  -0.1189  0.0000   0.0000   4.8960   0.0000   0.0000   
26.000   1.6691   0.17054  0.16682  -0.1224  0.0000   0.0000   4.9519   0.0000   0.0000   
26.500   1.6694   0.17657  0.17289  -0.1265  0.0000   0.0000   4.9991   0.0000   0.0000   
27.000   1.6774   0.18146  0.17784  -0.1301  0.0000   0.0000   5.0683   0.0000   0.0000   
27.500   1.6764   0.18756  0.18397  -0.1346  0.0000   0.0000   5.1040   0.0000   0.0000   
28.000   1.6840   0.19241  0.18886  -0.1385  0.0000   0.0000   5.1693   0.0000   0.0000   
28.500   1.6893   0.19753  0.19406  -0.1427  0.0000   0.0000   5.2430   0.0000   0.0000   
29.000   1.6901   0.20322  0.19978  -0.1475  0.0000   0.0000   5.3061   0.0000   0.0000   
29.500   1.6952   0.20832  0.20492  -0.1520  0.0000   0.0000   5.3814   0.0000   0.0000   
30.000   1.7030   0.21298  0.20966  -0.1563  0.0000   0.0000   5.4583   0.0000   0.0000   
30.500   1.7104   0.21756  0.21427  -0.1607  0.0000   0.0000   5.5497   0.0000   0.0000   
31.000   1.7095   0.22338  0.22014  -0.1663  0.0000   0.0000   5.5964   0.0000   0.0000   
31.500   1.7190   0.22752  0.22431  -0.1705  0.0000   0.0000   5.6858   0.0000   0.0000   
32.000   1.7124   0.23413  0.23095  -0.1770  0.0000   0.0000   5.7072   0.0000   0.0000   
32.500   1.7161   0.23906  0.23595  -0.1823  0.0000   0.0000   5.7782   0.0000   0.0000   
33.000   1.7224   0.24350  0.24041  -0.1872  0.0000   0.0000   5.8400   0.0000   0.0000   
33.500   1.7192   0.24939  0.24635  -0.1935  0.0000   0.0000   5.8702   0.0000   0.0000   
34.000   1.7281   0.25328  0.25030  -0.1982  0.0000   0.0000   5.9505   0.0000   0.0000   
34.500   1.7296   0.25822  0.25530  -0.2039  0.0000   0.0000   5.9963   0.0000   0.0000   
35.500   1.7365   0.26729  0.26446  -0.2150  0.0000   0.0000   6.1055   0.0000   0.0000   
36.000   1.7354   0.27245  0.26966  -0.2212  0.0000   0.0000   6.1305   0.0000   0.0000   
36.500   1.7350   0.27749  0.27473  -0.2275  0.0000   0.0000   6.1708   0.0000   0.0000   
37.000   1.7349   0.28234  0.27963  -0.2337  0.0000   0.0000   6.2159   0.0000   0.0000   
37.500   1.7271   0.28849  0.28582  -0.2412  0.0000   0.0000   6.2044   0.0000   0.0000   
38.500   1.7339   0.29655  0.29400  -0.2526  0.0000   0.0000   6.2997   0.0000   0.0000   
40.000   1.7426   0.30827  0.30584  -0.2698  0.0000   0.0000   6.4248   0.0000   0.0000   
40.500   1.7501   0.31113  0.30875  -0.2748  0.0000   0.0000   6.4950   0.0000   0.0000   


